地图、NPC、物品等各常用数据表代号、名字汇总 

--------------------------------------------------------------------------------
 



地图

代号　　地图名称
100001 浮影水城
100014 浮影水城外郊
100011 青风原
300036 西雪岭
100010 四桥原
100029 水城宠物店
100031 水城当铺
100032 水城客栈
100033 水城十七联号
100000 水城药店
100034 水城饰物店
100028 松竹林
100017 闲情园
100016 明月桥
100012 剑池谷
100025 断魂涯
100027 石壁洞口
700013 凰之谷
100087 吓死人洞窟2
100018 西码头
100004 树城宠物店
100005 树城客栈
100030 水城宠物店
100007 树城饰物店
100006 树城药店
100021 枯井原
100020 观日桥
100019 观日桥头
300010 踏雪原
100026 断壁
100061 猎人洞窟
700090 怨灵洞
200005 怨灵洞口
200066 团P比赛
200006 绿洲东郊
200039 青之绿洲
200009 金轮谷
200010 落雁谷
100009 将军碑谷
100042 华山脚
100043 华山亭
100044 华山腰道
100045 华山瀑布
100047 华山顶
100035 武当前山
100036 武当后院门
100037 武当后院
100038 武当炼丹房
100039 武当练功房
100040 三清殿
100041 紫宵宫
100002 凝露山城
100092 寒月台
100049 名剑山庄前厅
100050 名剑山庄书房
100051 名剑山庄练功房
100052 名剑山庄中院
100053 名剑山庄右厢房
100054 名剑山庄左厢房
100057 山城客栈
100056 山城当铺
100060 山城珠宝店
100059 山城药店
100055 山城宠兽店
100058 山城杂货铺
200001 卧佛沙城
200025 沙城宠物店
200026 沙城杂货铺
600112 彩虹桥
200028 沙城客栈
200029 沙城当铺
200000 沙城药店
200030 珠宝珠宝店
200019 情人谷
200031 梦佛窟
200020 赏月谷
200040 绿幽洞
200041 巨菇洞
200042 青灵洞
200008 银罐谷
200012 羁马谷
200043 古铜洞窟
200044 紫苔洞窟
200045 金钟洞窟
200047 古铜洞窟2
200048 青铜洞窟
200050 碧水洞窟
200051 盘龙洞窟
200052 紫苔洞窟2
200053 黄铜洞窟2
200054 石笋洞窟
200055 盘龙洞窟2
200013 酒鬼冢
200023 流沙原
200022 遗恨原
200056 古城遗址
200057 沉没的城市
200058 地牢
200059 悬台
200017 净沙原
800005 GM活动地图
200024 沙盗洞口
200032 铜人殿
200033 囚塔一层
200034 囚塔二层
200035 石窟1
200036 石窟2
200037 石窟3
200038 石窟4
100093 枯井
100003 迷雾榕城
600001 剥皮地狱
600002 钉板地狱
600003 聋耳地狱
600004 暴走地狱
600000 冰封地狱
600006 绞肉地狱
600007 炉烧地狱
600008 辗肢地狱
600009 炮烙地狱
600010 旋割地狱
600011 吊烤地狱
600012 钉床地狱
600013 磨骨地狱
600014 铡头地狱
600015 污秽地狱
600016 天灯地狱
600017 焰浆地狱
600018 油锅地狱
100062 藏经阁
100063 千佛殿
100064 方丈室
100065 寝室
100066 戒律院
100067 少林寺前院
100068 少林寺中院
100069 少林寺后院
100070 天王殿
100071 斋室
700000 徘徊林
700001 榕盘谷
700002 独孤亭
700003 晚枫林
700004 斑鸠小舍
700005 回首亭
700006 守望林场
100208 百草池
700008 双印谷
700009 不归海岸
700010 逆之心情
700011 逆之往事
700012 逆之虚幻
100015 坠泪岗
700014 阳光渔栈
400000 深蓝药铺
400001 深蓝海城
400002 深蓝海底
400003 深度宠物店
400004 宁静客栈
100126 断壁
400006 沉信当铺
400007 海情饰物店
400008 一点点杂货
400009 小小房间
400010 小房间
400011 过道
400012 窄窄的过道
400013 很窄的过道
400014 最后的房间
120004 天关第5层
120003 天关第4层
120002 天关第3层
120001 天关第2层
120000 天关第1层
100073 邂逅洞窟
990000 NPC集中营
100204 雪狼崖
100075 逐影洞窟
100203 雪狼湖
100081 伤心洞窟
100080 不悔洞窟
100074 弄梅洞窟
800004 监狱第五层
300001 瑞天雪城
300000 雪城药店
300002 雪城宠物店
300003 雪城客栈
300004 雪城当铺
300005 雪城城堡
300006 雪城杂货
300007 雪城饰玩店
300008 镜雪原
300009 松雪野
100023 东码头
300011 斧青谷
200065 团P赛场
300013 犁春原
300014 黄泥岗
300015 鸟鸣谷
300016 羊肠道
300017 独木原
300018 春水桥
300019 雪融谷
300020 炊烟谷
300021 敕勒川
300022 敕勒川客栈
300023 敕勒川药店
300024 敕勒川当铺
300025 敕勒川大蓬
300026 迷幻洞窟
300027 神将壁
700007 暮归道
300029 战神台
300030 灵棺台
300031 紫禁城
310020 住宅小区
300033 皇城甬道
300034 大殿
300035 太和殿
100086 吓死人洞窟1
300037 寒井台
300039 玉洁桥
300038 冰清桥
300040 青幽洞
500001 仙客厅
500003 殿廊
500000 殿廊
500006 翔云台
500007 殿廊
500008 紫阳门
500009 殿廊
500010 殿廊
500011 灵丹室
500013 衡天台
500014 降尘台
500015 翔云幻城
500016 盈露台看守区
500017 御风台
500018 仙临台
500019 晋阳门
500020 观云桥
500021 宣武门
500022 圣宴室
500023 空灵园
500024 圣泉台
500025 武神殿
100200 碧水丹心谷
100201 地焰洞
100202 栖月谷
100088 幻灵教堂
100089 幻灵教堂花园
200061 沙漠竞技场
110000 青梅竹马
110001 脉脉含情
110002 金童玉女
110003 郎才女貌
110004 倚门回首嗅青梅
110005 暗香浮动月黄昏
110006 东篱把酒候佳人
110007 一吻定乾坤
110008 孔雀东南飞
110009 相思红豆
110010 为伊消得人憔悴
110011 秋雁南回
110012 琴瑟相悦
110013 比翼双飞
110014 珠联壁合
110015 佳偶天成
110016 如胶似漆
110017 心心相印
110018 地久天长
110019 似水柔情
110020 白头偕老
800000 监狱第一层
800001 监狱第二层
800002 监狱第三层
800003 监狱第四层
100079 宝洞
120005 天关第6层
120006 天关第7层
120007 天关第8层
120008 天关第9层
120009 天关第10层
120010 天关第11层
120011 天关第12层
120012 天关第13层
120013 天关第14层
120014 天关第15层
120015 天关第16层
120016 天关第17层
120017 天关第18层
120018 天关第19层
120019 天关第20层
120020 天关第21层
120021 天关第22层
120022 天关第23层
120023 天关第24层
120024 天关第25层
120025 天关第26层
120026 天关第27层
120027 天关第28层
120028 天关第29层
120029 天关第30层
120030 天关第31层
120031 天关第32层
120032 天关第33层
120033 天关第34层
120034 天关第35层
120035 天关第36层
120036 天关第37层
120037 天关第38层
120038 天关第39层
120039 天关第40层
120040 天关第41层
120041 天关第42层
120042 天关第43层
120043 天关第44层
120044 天关第45层
120045 天关第46层
120046 天关第47层
120047 天关第48层
120048 天关第49层
120049 天关第50层
120050 天关第51层
120051 天关第52层
120052 天关第53层
120053 天关第54层
120054 天关第55层
120055 天关第56层
120056 天关第57层
120057 天关第58层
120058 天关第59层
120059 天关第60层
120060 天关第61层
120061 天关第62层
120062 天关第63层
120063 天关第64层
120064 天关第65层
120065 天关第66层
120066 天关第67层
120067 天关第68层
120068 天关第69层
120069 天关第70层
120070 天关第71层
120071 天关第72层
120072 天关第73层
120073 天关第74层
120074 天关第75层
120075 天关第76层
120076 天关第77层
120077 天关第78层
120078 天关第79层
120079 天关第80层
120080 天关第81层
120081 天关第82层
120082 天关第83层
120083 天关第84层
120084 天关第85层
120085 天关第86层
120086 天关第87层
120087 天关第88层
120088 天关第89层
120089 天关第90层
120090 天关第91层
120091 天关第92层
120092 天关第93层
120093 天关第94层
120094 天关第95层
120095 天关第96层
120096 天关第97层
120097 天关第98层
120098 天关第99层
120099 天关第100层
120100 天关宝洞
600122 魔界之森
310000 正气堂
600111 地狱
310003 香泉阁
310004 双龙厅
310002 玉泉窟
310001 怡情园
310010 家具物品店
100205 时间伤口
100206 时间伤口
900000 天牢1
900001 天牢2
900002 天牢3
100085 万劫谷
100082 紫尘洞
100083 佛音洞
100072 怡心谷
100078 执手洞窟
100084 守候洞窟
100076 浴仙池
310021 中式房屋
310022 西式房屋
310023 阿拉伯房屋
300032 皇城
310013 家庭用品店
310014 家庭用品分店
300028 传说中的英雄冢
310024 湖滨小区
710001 夺宝天关01
710002 夺宝天关02
710003 夺宝天关03
710004 夺宝天关04
710005 夺宝天关05
710006 夺宝天关06
710007 夺宝天关07
710008 夺宝天关08
710009 夺宝天关09
710010 夺宝天关10
710011 夺宝天关11
710012 夺宝天关12
710013 夺宝天关13
710014 夺宝天关14
710015 夺宝天关15
710016 夺宝天关16
710017 夺宝天关17
710018 夺宝天关18
710019 夺宝天关19
710020 夺宝天关20
121000 迷宫
121001 迷宫
121002 迷宫
121003 迷宫
121004 迷宫
121005 迷宫终点
121006 迷宫
121007 迷宫
121008 迷宫
121009 迷宫
121010 迷宫
200099 江湖PK赛场
500101 飘渺仙境
500100 通仙之地
310028 二级南方房屋
310027 二级西式房屋
310026 二级阿拉伯房屋
100207 永志不渝
310029 二级中式房屋
100008 树顶
100048 名剑山庄正院
720001 逆之轮回
130001 兄弟天关第2关
130000 兄弟天关第1关
720002 逆之情结
130002 兄弟天关第3关
130003 兄弟天关第4关
130004 兄弟天关第5关
130005 兄弟天关第6关
130006 兄弟天关第7关
130007 兄弟天关第8关
130008 兄弟天关第9关
130009 兄弟天关第10关
130010 兄弟天关第11关
130011 兄弟天关第12关
130012 兄弟天关第13关
130013 兄弟天关第13关
130014 兄弟天关第15关
130015 兄弟天关第16关
130016 兄弟天关第17关
130017 兄弟天关第18关
130018 兄弟天关第19关
130019 兄弟天关第20关
130020 兄弟天关第21关
130021 兄弟天关第22关
130022 兄弟天关第23关
130023 兄弟天关第24关
130024 兄弟天关第25关
130025 兄弟天关第26关
130026 兄弟天关第27关
130027 兄弟天关第28关
130028 兄弟天关第29关
130029 兄弟天关第30关
130030 兄弟天关第31关
130031 兄弟天关第32关
130032 兄弟天关第33关
130033 兄弟天关第34关
130034 兄弟天关第35关
130035 兄弟天关第36关
130036 兄弟天关第37关
130037 兄弟天关第38关
130038 兄弟天关第39关
130039 兄弟天关第40关
130040 兄弟天关第41关
130041 兄弟天关第42关
130042 兄弟天关第43关
130043 兄弟天关第44关
130044 兄弟天关第45关
130045 兄弟天关第46关
130046 兄弟天关第47关
130047 兄弟天关第48关
130048 兄弟天关第49关
130049 兄弟天关第50关
130050 兄弟情深
140000 新手学堂
140001 新手学堂
140002 新手学堂
140003 新手学堂
100101 山城主建筑
100100 新山城珠宝店
100099 新山城药店
100098 新山城杂货店
100097 新山城客栈
100096 新山城当铺
100095 新山城宠物店
500026 新天空城浮台
100102 山城洞窟1
100103 山城洞窟2
500049 通仙之境
500048 树屋
500047 蓬莱仙境
500046 鸟窝
500045 莲台
500044 飞升门
500043 茶壶楼
500042 仙境
500041 八封台
500040 卧室
500039 石台
500038 平台
500037 喷泉
500036 会议厅
500035 过道2
500034 过道1
500033 大厅
500032 大殿顶楼
500031 大殿1楼
500030 新天空城仓库
500029 新天空城楼房
500028 新天空城室外2
500027 新天空城室外
100094 新山城
500050 西天界
500051 仙界天网
500052 恋之心湖
600019 魔界魔教
600020 魔界入口
600021 魔界塔林
600022 魔界之森
600023 魔界魔音谷
600024 铁索桥
131006 九曲回廊
131007 九曲回廊
131008 九曲回廊
131009 清幽古洞
130051 兄弟天关第52关
130052 兄弟天关第53关
130053 兄弟天关第54关
130054 兄弟天关第55关
130055 兄弟天关第56关
130056 兄弟天关第57关
130057 兄弟天关第58关
130058 兄弟天关第59关
130059 兄弟天关第60关
130060 兄弟天关第61关
130061 兄弟天关第62关
130062 兄弟天关第63关
130063 兄弟天关第64关
130064 兄弟天关第65关
130065 兄弟天关第66关
130066 兄弟天关第67关
130067 兄弟天关第68关
130068 兄弟天关第69关
130069 兄弟天关第70关
130070 兄弟天关第71关
130071 兄弟天关第72关
130072 兄弟天关第73关
130073 兄弟天关第74关
130074 兄弟天关第75关
130075 兄弟天关第76关
130076 兄弟天关第77关
130077 兄弟天关第78关
130078 兄弟天关第79关
130079 兄弟天关第80关
130080 兄弟天关第81关
130081 兄弟天关第82关
130082 兄弟天关第83关
130083 兄弟天关第84关
130084 兄弟天关第85关
130085 兄弟天关第86关
130086 兄弟天关第87关
130087 兄弟天关第88关
130088 兄弟天关第89关
130089 兄弟天关第90关
130090 兄弟天关第91关
130091 兄弟天关第92关
130092 兄弟天关第93关
130093 兄弟天关第94关
130094 兄弟天关第95关
130095 兄弟天关第96关
130096 兄弟天关第97关
130097 兄弟天关第98关
130098 兄弟天关第99关
130099 登云寨总舵
131001 碧野云天
131002 翠竹轩
131003 忘尘谷
131004 玄天阵
150000 宠物乐园1楼
150001 宠物乐园2楼
150002 宠物乐园3楼
150003 宠物乐园4楼
150004 宠物乐园5楼
131011 无量殿
310040 金沙小区
310041 灵心小区
310043 南方房屋
310044 中式房屋
310045 西式房屋
310046 阿拉伯房屋
500055 太极洞
131010 情思坡
200064 PK场
200070 赛场4
200069 赛场3
200068 赛场2
200067 赛场1
720003 高级易容会所
720004 高级易容会所
4300 高老庄
100197 林家客栈
320003 炎炎沙漠
320000 冰封雪地
320001 雪间小舍
400100 深深海
400103 海底皇宫
400102 宁静海
 
NPC

代号  名字  所在地图 坐标X 坐标Y
0018 贺捕头 100001 0101 0088
0019 蔡参将 100001 0031 0088
0539 周梦银 310004 0040 0061
0537 黄老财 310002 0033 0061
0005 钓鱼翁 100023 0053 0065
0039 张三丰 100035 0095 0057
0017 山贼徐志强 100027 0038 0014
0016 山贼 100027 0037 0015
0015 很凶的山贼 100027 0038 0015
0014 客栈MM 200028 0014 0013
0013 客栈MM 100057 0011 0013
0085 饰物店老板 100007 0014 0011
0011 客栈MM 100032 0011 0013
0043 守护幻影兽 500009 0031 0018
0042 仙子MM 500000 0022 0012
0041 天空幻影兽 500000 0026 0013
0040 天空幻影兽 500020 0017 0024
0498 思思 700008 0061 0034
0038 地狱守护MM 100201 0020 0014
0037 沙盗 200024 0017 0022
0036 地狱守护魔女 200055 0043 0059
0035 魔女飞风 600001 0041 0012
0034 魔女飞天 600000 0052 0032
0033 魔女飞云 600000 0044 0021
0032 地狱终极守护MM 600017 0067 0039
0031 地狱守护MM 600016 0033 0010
0030 地狱守护MM 600015 0073 0045
0029 地狱守护MM 600014 0051 0025
0028 地狱守护MM 600013 0071 0047
0027 地狱守护MM 600012 0073 0045
0026 地狱守护MM 600011 0011 0036
0025 地狱守护MM 600010 0045 0073
0024 地狱守护MM 600009 0071 0043
0023 地狱守护MM 600008 0072 0044
0022 地狱守护MM 600007 0042 0033
0021 地狱守护MM 600006 0057 0060
0020 地狱守护MM 600000 0044 0072
0474 努努鸟 700005 0047 0039
0457 齐啸天 100002 0042 0048
0044 天堂守护MM 500025 0022 0039
0045 天堂守护MM 500025 0044 0039
0046 天堂守护MM 500025 0022 0027
0047 天堂守护MM 500025 0043 0027
0048 天堂守护MM 500025 0025 0023
0049 天堂守护MM 500025 0041 0023
0050 天堂守护MM 500023 0056 0042
0051 天堂守护MM 500023 0056 0070
0052 天堂守护MM 500023 0095 0070
0053 天堂守护MM 500023 0095 0054
0054 天堂守护MM 500023 0041 0028
0055 天堂守护MM 500023 0052 0028
0056 幻影兽小白 500007 0017 0014
0057 魔女飞纷 600002 0057 0031
0538 黄百万 310003 0036 0049
0270 天关守护兽 120003 0024 0013
0664 华凝远 100036 0011 0008
500103 鸡翔如意礼箱 800005 0016 0036
0671 药王 100002 0027 0035
0063 小枫 200050 0026 0011
0555 陈大人 300035 0032 0020
500101 鸡翔如意礼箱 800005 0016 0034
0550 魏无崖 700011 0064 0038
0522 吴大人 300035 0020 0020
0084 护士MM 100006 0017 0014
0264 可儿 100202 0028 0040
0074 铁匠 100001 0075 0042
0075 大夫 100000 0017 0012
0088 护士MM 200000 0015 0017
0077 饰物店老板 100034 0015 0012
0078 铁匠 100002 0031 0062
0079 大夫 100059 0017 0012
0072 小仙 200025 0011 0017
0081 饰物店老板 100060 0014 0012
0083 大夫 100006 0017 0012
0082 铁匠 100003 0043 0055
0076 护士MM 100000 0017 0015
0012 客栈MM 100005 0011 0013
0086 铁匠 200001 0035 0027
0087 大夫 200000 0013 0012
0080 护士MM 100059 0017 0015
0089 饰物店老板 200030 0012 0015
0093 护士MM 400000 0022 0018
0092 大夫 400000 0018 0025
0091 护士MM 300000 0014 0017
0090 大夫 300000 0020 0016
0128 强盗白强 300014 0026 0050
0561 古董绣床 310010 0034 0067
0097 魔女飞雪 600011 0045 0033
0006 蕊儿 100003 0038 0010
0127 巫将军 300031 0070 0055
0102 秘密商人李富贵 100017 0038 0020
0103 秘密商人王富贵 100003 0104 0071
0104 秘密商人朱富贵 200020 0012 0023
0002 小云 100001 0022 0054
0096 贤者 100001 0068 0077
0099 PK场管理员 200061 0014 0033
0219 百战天尊 100081 0034 0062
0167 天关守护兽 110019 0030 0008
0165 天关守护兽 110018 0030 0008
0163 天关守护兽 110017 0030 0008
0161 天关守护兽 110016 0030 0008
0159 天关守护兽 110015 0030 0008
0157 天关守护兽 110014 0030 0008
0155 天关守护兽 110013 0030 0008
0153 天关守护兽 110012 0030 0008
0151 天关守护兽 110011 0030 0008
0149 天关守护兽 110010 0030 0008
0147 天关守护兽 110009 0030 0008
0145 天关守护兽 110008 0030 0008
0143 天关守护兽 110007 0030 0008
0141 天关守护兽 110006 0030 0008
0139 天关守护兽 110005 0030 0008
0137 天关守护兽 110004 0030 0008
0135 天关守护兽 110003 0030 0008
0133 天关守护兽 110002 0030 0008
0131 天关守护兽 110001 0030 0008
0173 小鸭的宝箱 110020 0028 0026
0172 小猴的宝箱 110020 0034 0031
0171 小蚁的宝箱 110020 0029 0033
0170 很沉的宝箱 110020 0025 0025
0169 小蝶的宝箱 110020 0029 0021
0168 宝箱 110019 0034 0008
0166 宝箱 110018 0034 0008
0164 宝箱 110017 0034 0008
0162 宝箱 110016 0034 0008
0160 宝箱 110015 0034 0008
0158 宝箱 110014 0034 0008
0156 宝箱 110013 0034 0008
0154 宝箱 110012 0034 0008
0152 宝箱 110011 0034 0008
0150 宝箱 110010 0034 0008
0148 宝箱 110009 0034 0008
0146 宝箱 110008 0034 0008
0144 宝箱 110007 0034 0008
0142 宝箱 110006 0034 0008
0140 宝箱 110005 0034 0008
0138 宝箱 110004 0034 0008
0136 宝箱 110003 0034 0008
0134 宝箱 110002 0034 0008
0132 宝箱 110001 0034 0008
0130 天关守护兽 110000 0030 0008
0174 林天 100002 0005 0044
0175 捕快 200061 0035 0074
0176 捕快 200061 0039 0078
0177 捕快 200061 0080 0041
0178 捕快 200061 0075 0036
0179 捕快 200061 0082 0076
0180 林捕头 200061 0079 0079
0181 李参将 200061 0023 0022
0182 黄参将 200061 0026 0019
0100 李拳师 200001 0074 0046
0220 地狱天使 100074 0018 0022
0686 魅影 100084 0029 0052
0192 百战天尊 100073 0029 0014
0217 青云仙子 500001 0016 0027
0218 地狱飞龙 600016 0049 0037
0183 监狱守卫 800000 0010 0057
0184 宋捕快 100001 0032 0037
0185 监狱守卫 800002 0042 0017
0186 监狱守卫 800002 0013 0024
0187 监狱守卫 800002 0040 0029
0188 监狱守卫 800003 0021 0069
0189 监狱守卫 800003 0051 0008
0190 监狱守卫 800004 0043 0019
0205 百战天尊 100081 0061 0039
0206 百战天尊 100081 0052 0041
0207 百战天尊 100081 0012 0031
0208 百战天尊 100081 0037 0031
0209 百战天尊 100075 0049 0041
0210 百战天尊 100075 0059 0039
0211 百战天尊 100075 0053 0026
0212 百战天尊 100075 0043 0023
0213 百战天尊 100078 0022 0040
0214 百战天尊 100078 0028 0031
0215 百战天尊 100078 0033 0024
0216 百战天尊 100078 0044 0025
0193 地狱天使 100074 0015 0037
0194 地狱天使 100074 0017 0040
0195 地狱天使 100074 0018 0046
0196 地狱天使 100074 0032 0058
0197 地狱天使 100080 0023 0026
0198 地狱天使 100080 0021 0030
0199 地狱天使 100080 0013 0029
0200 地狱天使 100080 0009 0033
0201 地狱天使 100084 0031 0023
0202 地狱天使 100084 0062 0040
0203 地狱天使 100084 0062 0046
0204 地狱天使 100084 0025 0036
0224 百战天尊 100075 0023 0015
0221 地狱天使 100074 0057 0044
0222 百战天尊 100081 0036 0008
0223 地狱天使 100080 0045 0073
0260 监狱长 990000 0026 0030
0261 林参将 990000 0026 0028
0262 陈参将 990000 0027 0026
0255 捕快 990000 0025 0025
0256 捕快 990000 0027 0023
0257 赵参将 990000 0028 0021
0258 张参将 990000 0029 0021
0073 小红 200025 0021 0017
0259 宝洞守护兽 990000 0024 0030
0225 宝箱 100079 0016 0040
0226 宝箱 100079 0016 0036
0227 宝箱 100079 0033 0033
0228 宝箱 100079 0033 0017
0229 宝箱 100079 0063 0041
0230 宝箱 100079 0019 0043
0231 宝箱 100079 0023 0038
0232 宝箱 100079 0037 0032
0233 宝箱 100079 0037 0014
0234 宝箱 100079 0063 0044
0266 雷鸣 990000 0030 0031
0068 小白 300002 0020 0022
0265 常枫 300039 0040 0020
0368 宝光 990000 0029 0028
0067 花花 300002 0023 0011
0458 唐傲 100001 0117 0075
0066 小黑 300002 0017 0011
0287 天关守护兽 120020 0024 0013
0288 天关守护兽 120021 0024 0013
0289 天关守护兽 120022 0024 0013
0290 天关守护兽 120023 0024 0013
0291 天关守护兽 120024 0024 0013
0292 天关守护兽 120025 0024 0013
0293 天关守护兽 120026 0024 0013
0294 天关守护兽 120027 0024 0013
0295 天关守护兽 120028 0024 0013
0296 天关守护兽 120029 0024 0013
0297 天关守护兽 120030 0024 0013
0298 天关守护兽 120031 0024 0013
0299 天关守护兽 120032 0024 0013
0300 天关守护兽 120033 0024 0013
0301 天关守护兽 120034 0024 0013
0302 天关守护兽 120035 0024 0013
0303 天关守护兽 120036 0024 0013
0304 天关守护兽 120037 0024 0013
0305 天关守护兽 120038 0024 0013
0306 天关守护兽 120039 0024 0013
0307 天关守护兽 120040 0024 0013
0308 天关守护兽 120041 0024 0013
0309 天关守护兽 120042 0024 0013
0310 天关守护兽 120043 0024 0013
0311 天关守护兽 120044 0024 0013
0312 天关守护兽 120045 0024 0013
0313 天关守护兽 120046 0024 0013
0314 天关守护兽 120047 0024 0013
0315 天关守护兽 120048 0024 0013
0316 天关守护兽 120049 0024 0013
0317 天关守护兽 120050 0024 0013
0318 天关守护兽 120051 0024 0013
0319 天关守护兽 120052 0024 0013
0320 天关守护兽 120053 0024 0013
0321 天关守护兽 120054 0024 0013
0322 天关守护兽 120055 0024 0013
0323 天关守护兽 120056 0024 0013
0324 天关守护兽 120057 0024 0013
0325 天关守护兽 120058 0024 0013
0369 宝箱 120020 0027 0011
0370 宝箱 120021 0027 0011
0371 宝箱 120022 0027 0011
0372 宝箱 120023 0027 0011
0373 宝箱 120024 0027 0011
0374 宝箱 120025 0027 0011
0375 宝箱 120026 0027 0011
0376 宝箱 120027 0027 0011
0377 宝箱 120028 0027 0011
0378 宝箱 120029 0027 0011
0379 宝箱 120030 0027 0011
0380 宝箱 120031 0027 0011
0381 宝箱 120032 0027 0011
0382 宝箱 120033 0027 0011
0383 宝箱 120034 0027 0011
0384 宝箱 120035 0027 0011
0385 宝箱 120036 0027 0011
0386 宝箱 120037 0027 0011
0387 宝箱 120038 0027 0011
0389 宝箱 120040 0027 0011
0390 宝箱 120041 0027 0011
0391 宝箱 120042 0027 0011
0392 宝箱 120043 0027 0011
0393 宝箱 120044 0027 0011
0394 宝箱 120045 0027 0011
0395 宝箱 120046 0027 0011
0396 宝箱 120047 0027 0011
0397 宝箱 120048 0027 0011
0398 宝箱 120049 0027 0011
0399 宝箱 120050 0027 0011
0400 宝箱 120051 0027 0011
0401 宝箱 120052 0027 0011
0402 宝箱 120053 0027 0011
0403 宝箱 120054 0027 0011
0404 宝箱 120055 0027 0011
0405 宝箱 120056 0027 0011
0406 宝箱 120057 0027 0011
0407 宝箱 120058 0027 0011
0409 宝箱 120060 0027 0011
0410 宝箱 120061 0027 0011
0411 宝箱 120062 0027 0011
0412 宝箱 120063 0027 0011
0413 宝箱 120064 0027 0011
0414 宝箱 120065 0027 0011
0415 宝箱 120066 0027 0011
0416 宝箱 120067 0027 0011
0417 宝箱 120068 0027 0011
0418 宝箱 120069 0027 0011
0419 宝箱 120070 0027 0011
0420 宝箱 120071 0027 0011
0421 宝箱 120072 0027 0011
0422 宝箱 120073 0027 0011
0423 宝箱 120074 0027 0011
0424 宝箱 120075 0027 0011
0425 宝箱 120076 0027 0011
0426 宝箱 120077 0027 0011
0427 宝箱 120078 0027 0011
0429 宝箱 120080 0027 0011
0430 宝箱 120081 0027 0011
0431 宝箱 120082 0027 0011
0432 宝箱 120083 0027 0011
0433 宝箱 120084 0027 0011
0434 宝箱 120085 0027 0011
0435 宝箱 120086 0027 0011
0436 宝箱 120087 0027 0011
0437 宝箱 120088 0027 0011
0438 宝箱 120089 0027 0011
0439 宝箱 120090 0027 0011
0440 宝箱 120091 0027 0011
0441 宝箱 120092 0027 0011
0442 宝箱 120093 0027 0011
0443 宝箱 120094 0027 0011
0444 宝箱 120095 0027 0011
0445 宝箱 120096 0027 0011
0446 宝箱 120097 0027 0011
0447 宝箱 120098 0027 0011
0448 宝箱 120099 0027 0011
0449 宝箱 120039 0027 0011
0450 宝箱 990000 0033 0026
0451 宝箱 990000 0032 0032
0452 宝箱 990000 0032 0029
0453 天关MM 120049 0042 0019
0454 宝箱 120059 0027 0011
0455 宝箱 120079 0027 0011
0456 宝箱 120100 0027 0011
0326 天关守护兽 120059 0024 0013
0327 天关守护兽 120060 0024 0013
0328 天关守护兽 120061 0024 0013
0329 天关守护兽 120062 0024 0013
0330 天关守护兽 120063 0024 0013
0331 天关守护兽 120064 0024 0013
0332 天关守护兽 120065 0024 0013
0333 天关守护兽 120066 0024 0013
0334 天关守护兽 120067 0024 0013
0335 天关守护兽 120068 0024 0013
0336 天关守护兽 120069 0024 0013
0337 天关守护兽 120070 0024 0013
0338 天关守护兽 120071 0024 0013
0339 天关守护兽 120072 0024 0013
0340 天关守护兽 120073 0024 0013
0341 天关守护兽 120074 0024 0013
0342 天关守护兽 120075 0024 0013
0343 天关守护兽 120076 0024 0013
0344 天关守护兽 120077 0024 0013
0345 天关守护兽 120078 0024 0013
0346 天关守护兽 120079 0024 0013
0347 天关守护兽 120080 0024 0013
0348 天关守护兽 120081 0024 0013
0349 天关守护兽 120082 0024 0013
0350 天关守护兽 120083 0024 0013
0351 天关守护兽 120084 0024 0013
0352 天关守护兽 120085 0024 0013
0353 天关守护兽 120086 0024 0013
0354 天关守护兽 120087 0024 0013
0355 天关守护兽 120088 0024 0013
0356 天关守护兽 120089 0024 0013
0357 天关守护兽 120090 0024 0013
0358 天关守护兽 120091 0024 0013
0359 天关守护兽 120092 0024 0013
0360 天关守护兽 120093 0024 0013
0361 天关守护兽 120094 0024 0013
0362 天关守护兽 120095 0024 0013
0363 天关守护兽 120096 0024 0013
0364 天关守护兽 120097 0024 0013
0365 天关守护兽 120098 0024 0013
0366 天关守护兽 120099 0024 0013
0267 天关守护兽 120000 0024 0013
0268 天关守护兽 120001 0024 0013
0269 天关守护兽 120002 0024 0013
0009 张一丁 100048 0050 0083
0271 天关守护兽 120004 0024 0013
0272 天关守护兽 120005 0024 0013
0273 天关守护兽 120006 0024 0013
0274 天关守护兽 120007 0024 0013
0275 天关守护兽 120008 0024 0013
0276 天关守护兽 120009 0024 0013
0277 天关守护兽 120010 0024 0013
0278 天关守护兽 120011 0024 0013
0279 天关守护兽 120012 0024 0013
0280 天关守护兽 120013 0024 0013
0281 天关守护兽 120014 0024 0013
0282 天关守护兽 120015 0024 0013
0283 天关守护兽 120016 0024 0013
0284 天关守护兽 120017 0024 0013
0285 天关守护兽 120018 0024 0013
0286 天关守护兽 120019 0024 0013
0464 中刀 300018 0036 0040
0465 蒙蒙 200058 0062 0048
0513 小叮咚 500008 0042 0023
0468 欧欧 300017 0040 0028
0467 硬骨鳄 100023 0034 0018
0990 阿拉伯二级房屋 310024 0059 0084
0507 橡皮鼠 500006 0053 0031
0462 阿泰 200057 0059 0028
0461 蓝牙 700009 0054 0040
0475 飞羽 100012 0039 0045
0367 高阳酒徒 200013 0039 0024
0478 霹雳 200017 0032 0006
0479 大嘴鳄 300008 0037 0042
0480 阿斗 200013 0023 0008
0481 独行 100021 0054 0036
0482 拽刺头 300013 0030 0027
0483 兰萌萌 200023 0079 0077
0492 铁甲龟 600009 0030 0041
0485 酷毙象 200006 0031 0070
0486 弹簧鼠 200012 0047 0047
0489 摇爷 600008 0022 0039
0476 小华 100009 0059 0051
0511 小遥 200008 0045 0027
0490 御林兔 700000 0025 0063
0491 跷跷鼠 700001 0036 0019
3815 肉身 720002 0033 0040
0493 鲁鲁 100011 0068 0039
0494 阿达 200019 0008 0033
0512 希亚 200005 0036 0063
0496 迷你象 200020 0041 0060
0497 凤舞 100027 0058 0043
0501 小天 200032 0077 0057
0477 蜜蜜熊 500014 0082 0063
0499 呆刺头 100028 0011 0021
0500 淘淘 300010 0050 0023
0495 小伟 200024 0036 0027
0502 黛刀 700003 0034 0040
0503 骑士龟 100018 0053 0078
0471 红大嘴 500013 0032 0023
0504 白毛象 300036 0026 0032
0505 纹地龙 100086 0031 0038
0506 丘丘 100087 0042 0060
0508 衰呆象 200059 0047 0054
0466 小丁当 600002 0043 0040
0509 懒懒象 300019 0040 0067
0510 绿锦宝 300016 0048 0021
1003 辛巴 300021 0085 0050
0488 阿威 700007 0008 0028
0515 符冲 100047 0028 0016
0460 紫蹄先生 600000 0038 0037
0062 慧明和尚 100062 0015 0014
0064 无极真人 100039 0020 0018
0095 采药人朱照启 100044 0068 0019
200000 护士MM 800000 0027 0033
12006 雪间小舍 320000 0030 0022
12005 小伍 400102 0034 0035
12004 人鱼仙子 400103 0031 0025
12003 魔盒 400100 0021 0019
12002 宝箱 400100 0025 0019
12001 阿狼 320001 0015 0020
12000 老人家 320001 0014 0021
12018 大嘴 320003 0040 0092
12017 狼仙 320003 0043 0092
12016 酷毙象 320003 0046 0092
12015 肥鳄 320003 0049 0092
12014 巨狮 320003 0052 0092
12013 强猪 320003 0055 0092
200001 护士MM 900000 0027 0033
12012 刺头 320003 0058 0092
12011 李敏 320003 0065 0089
12010 李员外 320003 0062 0089
32119 客栈林掌柜 100197 0024 0023
32118 地狱守护侍女 600111 0018 0020
32117 骷髅 600122 0047 0038
32116 孟婆 600112 0017 0014
32121 十六熊弟 100126 0027 0039
32120 十五熊弟 100126 0028 0042
32115 十四熊弟 100126 0030 0044
32114 十三熊弟 100126 0033 0047
32113 十二熊弟 100126 0036 0048
32112 十一熊弟 100126 0039 0049
32111 十熊弟 100126 0041 0048
32110 九熊弟 100126 0042 0047
32109 八熊弟 100126 0042 0045
32108 七熊弟 100126 0042 0043
32107 六熊弟 100126 0041 0041
32106 五熊弟 100126 0037 0036
32105 四熊弟 100126 0034 0034
32104 三熊弟 100126 0031 0033
32103 二熊弟 100126 0028 0034
32102 大熊哥 100126 0027 0036
32101 可可熊 100126 0022 0038
0469 翠羽 100015 0022 0025
0470 大刀 200056 0107 0060
0472 露露鸟 700013 0040 0028
0473 截拳道 300014 0024 0014
32122 圣诞老人 100001 0088 0047
32100 雪人 100001 0077 0057
0061 小龙 200001 0092 0072
0060 小雪 300002 0017 0017
0059 小青 700006 0020 0047
0004 灵儿 100003 0030 0033
500109 鸡翔如意礼箱 800005 0016 0042
0536 吴要钱 310001 0043 0069
1000 悠然老人 100026 0058 0048
0058 小鱼 100048 0019 0050
0098 浪子剑阿锋 100002 0030 0033
1002 失忆的静儿 100002 0065 0071
0007 李进 100018 0012 0038
0556 王富贵 310010 0081 0054
0562 画筒 310010 0036 0052
0563 盆景 310010 0039 0043
0564 古董花瓶 310010 0040 0078
0565 公告牌 310010 0069 0074
0566 公告板 310010 0072 0072
0567 忠字牌 310010 0045 0066
0568 义字牌 310010 0054 0066
0569 勇字牌 310010 0053 0056
0570 威武牌 310010 0045 0056
0571 矮柜 310010 0052 0037
0572 书柜 310010 0032 0073
0573 立柜 310010 0047 0036
0574 深蓝地毯 310010 0037 0049
0575 红绒地毯 310010 0045 0047
0576 黄绒地毯 310010 0039 0069
0577 手工蓝毯 310010 0045 0042
0578 古铜香炉 310010 0048 0039
0579 黄铜熏炉 310010 0044 0087
0580 蓝瓷香炉 310010 0068 0037
0581 紫纹座椅 310010 0034 0049
0582 福字大椅 310010 0034 0054
0583 紫色座椅 310010 0045 0038
0584 帮主座椅 310010 0038 0044
0585 虎皮石椅 310010 0035 0045
0586 黄木箱 310010 0049 0037
0587 铜鼎 310010 0062 0066
0588 青龙 310010 0062 0055
0589 石锁 310010 0055 0077
0590 杠铃 310010 0056 0078
0591 红绢扇 310010 0041 0003
0592 龙纹地砖 310010 0062 0045
0593 黄铜壁灯 310010 0026 0053
0594 落地灯 310010 0041 0040
0595 巧立灯 310010 0065 0086
0596 铜质宫灯 310010 0057 0056
0597 银质宫灯 310010 0077 0064
0598 宫灯 310010 0026 0072
0599 蓝壁灯 310010 0027 0062
0600 小壁灯 310010 0061 0031
0601 牛角壁灯 310010 0028 0047
0602 大红灯笼 310010 0028 0039
0603 纸扎灯笼 310010 0034 0037
0604 石亭 310010 0080 0056
0605 高脚蓝灯 310010 0077 0057
0606 古董壁画 310010 0025 0056
0607 古诗壁挂 310010 0045 0032
0608 铜柱 310010 0081 0087
0609 青铜罐 310010 0066 0037
0610 古陶罐 310010 0078 0087
0611 木烛台 310010 0058 0086
0612 铜烛台 310010 0071 0036
0613 衣架 310010 0078 0037
0614 画屏 310010 0032 0060
0615 红木绣屏 310010 0045 0078
0616 红木画屏 310010 0043 0084
0617 精致长屏 310010 0057 0037
0618 铁锁 310010 0055 0075
0619 长武器架 310010 0052 0076
0620 武器架 310010 0056 0072
0621 短武器架 310010 0060 0075
0622 铁墩 310010 0053 0073
0623 绝世好剑 310010 0032 0038
0624 长供桌 310010 0063 0037
0625 小书桌 310010 0036 0055
0626 书桌 310010 0035 0077
0627 玄武 310010 0069 0065
0628 热带树 310010 0077 0087
0629 青瓷花瓶 310010 0048 0087
0630 八仙椅 310010 0045 0085
0631 八仙桌 310010 0045 0084
0632 朱雀 310010 0069 0055
0633 珠宝柜 310010 0051 0085
0665 噬魔女 600012 0014 0030
0666 擎天子 500025 0031 0023
0001 云中子 100003 0069 0107
0263 地理学家汪思敬 100002 0060 0032
0672 天牢守卫 900000 0010 0057
0673 天牢士卫长 990000 0024 0033
0680 火炉 900000 0041 0039
0681 铡刀 900001 0062 0020
0682 万人斩 900002 0015 0024
0065 白龙使 700014 0005 0015
1001 欣欣 100001 0048 0085
0676 胡狼 100205 0012 0011
0677 宁静雪 100203 0027 0020
0685 百战天尊 100078 0052 0026
0191 地狱天使 100073 0046 0033
0008 李月蝶 100018 0014 0036
0690 金使者 600018 0033 0025
0678 金使者 500016 0019 0025
0691 木使者 600018 0025 0033
0667 木使者 500016 0028 0015
0692 水使者 600018 0030 0037
0668 水使者 500016 0018 0020
0693 火使者 600018 0036 0036
0669 火使者 500016 0019 0016
0694 土使者 600018 0037 0030
0670 土使者 500016 0024 0015
0650 地狱天使 100085 0015 0037
0651 地狱天使 100085 0028 0052
0652 地狱天使 100085 0041 0057
0653 地狱天使 100085 0041 0034
0654 地狱天使 100085 0035 0020
0655 地狱天使 100085 0027 0024
0656 地狱天使 100082 0025 0022
0657 地狱天使 100082 0037 0020
0658 地狱天使 100082 0042 0033
0659 地狱天使 100082 0053 0038
0660 地狱天使 100082 0051 0050
0661 地狱天使 100082 0048 0067
0635 百战天尊 100072 0063 0052
0636 百战天尊 100072 0058 0051
0637 百战天尊 100072 0057 0056
0638 百战天尊 100072 0060 0036
0639 百战天尊 100072 0027 0050
0640 百战天尊 100072 0047 0030
0641 百战天尊 100083 0027 0041
0642 百战天尊 100083 0035 0044
0643 百战天尊 100083 0059 0053
0644 百战天尊 100083 0059 0046
0645 百战天尊 100083 0063 0036
0646 百战天尊 100083 0047 0023
0782 黄大人 300032 0038 0063
0780 林大人 300032 0112 0063
0781 刘大人 300032 0112 0071
0783 中式住宅 310020 0069 0078
0784 西式住宅 310020 0027 0059
0785 阿拉伯住宅 310020 0046 0032
0800 飞鹰挂毯 310013 0027 0056
0801 阿拉伯茶壶 310013 0044 0044
0802 阿拉伯式床 310013 0044 0050
0803 阿拉伯式柜子 310013 0034 0043
0804 矮椅 310013 0052 0052
0805 油灯 310013 0078 0033
0806 鹊华秋色图 310013 0028 0037
0807 左柴堆 310013 0076 0064
0808 右柴堆 310013 0080 0067
0809 储物罐 310013 0032 0056
0810 双人木床 310013 0034 0075
0811 红布毯 310013 0044 0071
0812 鱼纹毯 310013 0040 0075
0813 蓝绒地毡 310013 0049 0081
0814 字画筒 310013 0055 0083
0815 月下观湖画 310013 0026 0048
0816 小壶 310013 0056 0083
0817 碎花地毯 310013 0038 0057
0818 火钳 310013 0040 0043
0819 蓝靠枕 310013 0050 0049
0820 紫靠枕 310013 0047 0046
0821 带枕靠垫 310013 0048 0050
0822 铜立灯 310013 0020 0075
0823 麋鹿标本 310013 0074 0032
0824 木桶 310013 0069 0071
0825 松木桌 310013 0066 0072
0826 调味瓶 310013 0065 0075
0827 酒桶 310013 0067 0081
0828 食盘 310013 0055 0078
0829 饰罐 310013 0057 0079
0830 松树 310013 0081 0076
0831 水缸 310013 0071 0069
0832 水井 310013 0073 0073
0833 水桶 310013 0070 0075
0834 椰树 310013 0020 0084
0835 浴室挂件 310013 0037 0037
0836 茶具 310013 0039 0061
0837 中式竹桌椅 310013 0039 0064
0838 竹席 310013 0052 0076
0839 木桌 310013 0056 0076
0840 坐垫 310013 0058 0081
1010 阿图姆 300025 0020 0013
0842 长桌 310013 0046 0087
0843 铜壁灯 310013 0027 0060
0844 锦缎坐垫 310013 0034 0046
0845 翠缎书桌 310013 0032 0045
0846 瓦罐 310013 0038 0046
0847 夜明珠 310013 0040 0033
0848 秋色图 310013 0038 0031
0849 储物箱 310013 0039 0043
0850 行旅图 310013 0027 0041
0851 菊石雁来画轴 310013 0042 0031
0852 古代仕女图 310013 0044 0031
0853 西山卧游图轴 310013 0046 0031
0854 流苏宫灯 310013 0026 0072
0855 山水画 310013 0034 0033
0856 笔架 310013 0034 0050
0857 桔梗 310013 0081 0079
0858 仙客来 310013 0081 0081
0859 汉铜油灯 310013 0037 0034
0860 红苏灯笼 310013 0036 0039
0861 山羊壁饰 310013 0049 0031
0862 西洋彩画 310013 0026 0046
0863 归渔图 310013 0026 0050
0864 红木箱子 310013 0054 0037
0865 墙徽 310013 0026 0058
0866 珠宝展示柜 310013 0032 0062
0867 大红棉被 310013 0032 0072
0868 路灯 310013 0061 0041
0869 玲珑皇冠 310013 0066 0087
0870 药碾 310013 0077 0079
0871 九层饰塔 310013 0080 0057
0872 珠宝立柜 310013 0049 0056
0873 九节菖蒲 310013 0059 0087
0874 靠椅 310013 0037 0044
0875 油画 310013 0031 0036
0876 蓝釉细瓷 310013 0058 0041
0877 巴西铁 310013 0052 0080
0878 雪域写真 310013 0026 0062
0879 斧盾饰物 310013 0056 0030
0880 烛架 310013 0041 0080
0881 带剑铜人左 310013 0083 0065
0882 带剑铜人右 310013 0083 0057
0883 画轴 310013 0055 0069
0884 杉木几 310013 0068 0052
0885 牛头水泉 310013 0060 0030
0886 置物架 310013 0028 0046
0887 包铁大盾 310013 0026 0065
0888 华山云峰 310013 0064 0033
0889 绿意 310013 0026 0069
0890 实木矮桌 310013 0055 0080
0891 铜柱 310013 0037 0071
0892 武士铁像 310013 0061 0037
0893 小书桌 310013 0041 0087
0894 天使 310013 0067 0031
0895 石猫 310013 0073 0057
0896 飞鹰 310013 0076 0057
0897 单人床 310013 0066 0037
0898 琉璃方几 310013 0049 0045
0899 红色巨旗 310013 0073 0033
0968 圆桌 310014 0038 0050
0967 原木桌 310014 0039 0069
0966 手工蜡染毯 310014 0049 0040
0965 杉木箱 310014 0044 0037
0964 脸盆 310014 0069 0077
0963 蓑衣 310014 0061 0033
0962 书桌 310014 0032 0048
0961 大书橱 310014 0057 0036
0960 石凳 310014 0074 0042
0959 棋桌 310014 0075 0040
0958 瑶琴 310014 0053 0085
0957 花鸟 310014 0052 0031
0956 斧柴 310014 0076 0068
0955 圆桶 310014 0070 0073
0954 毛巾 310014 0067 0035
0953 小晾衣架 310014 0081 0085
0952 钟馗 310014 0035 0041
0951 字画 310014 0027 0043
0950 竹凳 310014 0056 0087
0949 地砖 310014 0034 0065
0948 斧头 310014 0081 0071
0947 花饰地毯 310014 0075 0047
0946 双人棕床 310014 0051 0069
0945 红木茶几 310014 0064 0085
0944 凉席 310014 0050 0085
0943 草编地毡 310014 0045 0079
0942 双人华床 310014 0045 0068
0941 双人木床 310014 0046 0075
0940 书橱 310014 0073 0036
0939 铁杉茶几 310014 0059 0085
0938 矮凳 310014 0033 0069
0937 哭泣幼儿 310014 0020 0037
0936 花毯 310014 0048 0063
0935 绿树 310014 0077 0086
0934 翠竹 310014 0072 0087
0933 西餐长桌 310014 0062 0074
0932 褐毯 310014 0067 0047
0931 八卦地砖 310014 0060 0047
0930 彩纹地毯 310014 0055 0047
0929 古典靠椅 310014 0050 0038
0928 天使像 310014 0032 0059
0927 条纹红毯 310014 0045 0084
0926 祈祷少女 310014 0032 0074
0925 铜孔雀 310014 0054 0057
0924 储物木架 310014 0032 0052
0923 假山 310014 0076 0075
0922 女神像 310014 0042 0033
0921 弧行展示柜 310014 0076 0053
0920 白虎 310014 0056 0066
0919 金莲地毯 310014 0044 0056
0918 储肉栏 310014 0082 0048
0917 瓜果储栏 310014 0082 0044
0916 蔬菜储栏 310014 0082 0040
0915 欧式壁炉 310014 0041 0041
0914 熏炉 310014 0057 0057
0913 黄玉香炉 310014 0044 0048
0912 葫芦石雕 310014 0055 0072
0911 家居木柜 310014 0032 0065
0910 波斯地毯 310014 0067 0041
0909 红血明珠 310014 0062 0065
0908 长几 310014 0032 0069
0907 石豹 310014 0070 0064
0906 翠竹屏风 310014 0070 0038
0905 石狮 310014 0064 0057
0903 兵马俑 310014 0079 0036
0902 孔雀羽扇 310014 0051 0036
0901 石狗 310014 0072 0057
0900 碧玉香炉 310014 0053 0041
1009 赫鲁斯 100089 0089 0063
1008 阿蒙 100035 0054 0015
0978 客栈MM 300003 0026 0019
0979 客栈MM 400004 0018 0028
0980 客栈MM 300022 0011 0016
0981 护士MM 300023 0010 0014
0706 宝箱 710001 0028 0053
0707 宝箱 710002 0028 0053
0708 宝箱 710003 0028 0053
0709 宝箱 710004 0028 0053
0710 宝箱 710005 0028 0053
0711 宝箱 710006 0028 0053
0712 宝箱 710007 0028 0053
0713 宝箱 710008 0028 0053
0714 宝箱 710009 0028 0053
0715 宝箱 710010 0028 0053
0716 宝箱 710011 0028 0053
0717 宝箱 710012 0028 0053
0718 宝箱 710013 0028 0053
0719 宝箱 710014 0028 0053
0720 宝箱 710015 0028 0053
0721 宝箱 710016 0028 0053
0722 宝箱 710017 0028 0053
0723 宝箱 710018 0028 0053
0724 宝箱 710019 0028 0053
0725 雪凤凰 710001 0044 0070
0727 雪凤凰 710002 0044 0070
0728 雪凤凰 710003 0044 0070
0729 雪凤凰 710004 0044 0070
0730 雪凤凰 710005 0044 0070
0731 雪凤凰 710006 0044 0070
0732 雪凤凰 710007 0044 0070
0733 雪凤凰 710008 0044 0070
0734 雪凤凰 710009 0044 0070
0735 雪凤凰 710010 0044 0070
0736 雪凤凰 710011 0044 0070
0737 雪凤凰 710012 0044 0070
0738 雪凤凰 710013 0044 0070
0739 雪凤凰 710014 0044 0070
0740 雪凤凰 710015 0044 0070
0741 雪凤凰 710016 0044 0070
0742 雪凤凰 710017 0044 0070
0743 雪凤凰 710018 0044 0070
0744 雪凤凰 710019 0044 0070
0745 雪凤凰 710020 0044 0070
1007 洛影 300001 0066 0100
0674 小狼仙 100047 0033 0043
0675 老狼仙 100204 0028 0027
1701 鹊桥会使者 990000 0027 0037
100038 通玄天尊 100076 0022 0032
1005 风影 300040 0013 0030
0126 虫虫 100001 0079 0079
1006 晓风 200031 0003 0061
0487 小月 100016 0010 0008
1004 小阳 100002 0115 0078
1705 天尊者 100031 0010 0012
0991 西式二级房屋 310024 0101 0075
0992 南方二级房屋 310024 0059 0046
0993 中式二级房屋 310024 0094 0055
0970 庄主易云 100050 0013 0013
0971 来福 990000 0029 0034
0972 雪魔女 100093 0011 0014
0973 易天 100054 0017 0012
0974 蝶依 100092 0035 0023
1501 徐天麟 300001 0073 0026
1502 徐君茹 300034 0029 0030
1503 周仁 100002 0052 0091
1504 守护神兽 990000 0039 0043
1505 鹰枪无敌何轻烟 990000 0042 0043
1506 铁血战神钟离剑 990000 0043 0041
1507 禁军统领沈铁衣 990000 0044 0040
1508 江湖浪客顾人来 990000 0043 0038
1509 夜行百里柳随风 990000 0041 0036
300054 张三 100002 0032 0060
1512 幻灵兽 200056 0023 0068
1513 铁剑门弟子 100042 0030 0063
0094 元元真人 100038 0024 0033
1515 金钱帮帮主 200031 0090 0063
1516 江大人 300031 0052 0046
1517 顾老头 700009 0013 0038
1518 海盗头子 400001 0068 0033
1519 夜行兽 100045 0005 0015
0687 碧云 100208 0030 0017
0688 璇紫 100206 0016 0027
0535 吴老财 310000 0054 0038
0689 胡老头 200001 0075 0066
1710 地狱天使 100082 0028 0054
1715 百战天尊 100083 0034 0013
1731 宠物饲养员 100030 0014 0012
1730 宠物饲养员 100029 0014 0012
1732 宠物饲养员 100004 0014 0012
1733 宠物饲养员 100055 0016 0014
1734 宠物饲养员 200025 0016 0015
1747 天关守护兽 130002 0024 0013
1746 天关守护兽 130001 0024 0013
1745 天关守护兽 130000 0024 0013
1720 驿站马夫 100001 0079 0035
1721 驿站马夫 100002 0090 0074
1722 驿站马夫 100003 0093 0085
1723 驿站马夫 200001 0062 0079
1724 驿站马夫 200056 0060 0055
1725 驿站马夫 200039 0013 0040
1726 驿站马夫 100009 0015 0055
1727 驿站马夫 300021 0056 0093
1728 驿站马夫 300001 0053 0100
1729 驿站马夫 300013 0070 0054
3810 肉身 720002 0032 0041
3820 肉身 720002 0034 0039
3805 肉身 720002 0031 0042
3800 肉身 720002 0030 0043
3795 肉身 720002 0029 0044
3790 肉身 720002 0029 0037
3785 肉身 720002 0030 0036
3780 肉身 720002 0031 0035
3775 肉身 720002 0032 0034
3770 肉身 720002 0033 0033
3765 肉身 720002 0034 0032
3760 肉身 720002 0035 0031
3755 肉身 720002 0036 0030
3750 肉身 720002 0037 0028
3745 肉身 720002 0037 0026
3740 肉身 720002 0038 0025
3735 肉身 720002 0038 0023
3730 肉身 720002 0039 0022
3725 肉身 720002 0030 0028
3720 肉身 720002 0028 0028
3715 肉身 720002 0027 0029
3710 肉身 720002 0026 0030
3705 肉身 720002 0025 0031
4067 肉身 720001 0046 0038
4066 肉身 720001 0041 0043
4065 肉身 720001 0039 0045
4062 肉身 720001 0038 0046
4061 肉身 720001 0044 0035
4060 肉身 720001 0042 0037
4057 肉身 720001 0041 0038
4056 肉身 720001 0040 0040
4055 肉身 720001 0038 0041
4052 肉身 720001 0037 0042
4051 肉身 720001 0036 0043
4050 肉身 720001 0034 0045
3700 肉身 720001 0033 0046
3695 肉身 720001 0042 0024
3690 肉身 720001 0043 0027
3685 肉身 720001 0043 0030
3680 肉身 720001 0042 0031
3675 肉身 720001 0041 0032
3670 肉身 720001 0040 0033
3665 肉身 720001 0039 0034
3660 肉身 720001 0038 0035
3655 肉身 720001 0037 0036
3650 肉身 720001 0036 0037
3645 肉身 720001 0035 0038
3640 肉身 720001 0034 0039
3635 肉身 720001 0033 0040
3630 肉身 720001 0032 0041
3625 肉身 720001 0031 0042
3620 肉身 720001 0030 0043
3615 肉身 720001 0029 0044
3610 肉身 720001 0029 0037
3605 肉身 720001 0030 0036
3600 肉身 720001 0031 0035
3595 肉身 720001 0032 0034
3590 肉身 720001 0033 0033
3585 肉身 720001 0034 0032
3580 肉身 720001 0035 0031
3575 肉身 720001 0036 0030
3570 肉身 720001 0037 0028
3565 肉身 720001 0037 0026
3560 肉身 720001 0038 0025
3555 肉身 720001 0038 0023
3550 肉身 720001 0039 0022
3545 肉身 720001 0030 0028
3540 肉身 720001 0028 0028
3535 肉身 720001 0027 0029
3530 肉身 720001 0026 0030
3525 肉身 720001 0025 0031
0484 红刀 600003 0045 0017
3521 抚月仙长 700010 0016 0036
3520 天闲老人 100023 0010 0021
3881 地玄真人 720001 0050 0031
3882 地灭真人 720002 0050 0031
5999 网游天下 200001 0074 0043
300016 灵衫 300001 0094 0058
500104 鸡翔如意礼箱 800005 0016 0037
1748 天关守护兽 130003 0024 0013
1749 天关守护兽 130004 0024 0013
1750 天关守护兽 130005 0024 0013
1751 天关守护兽 130006 0024 0013
1752 天关守护兽 130007 0024 0013
1753 天关守护兽 130008 0024 0013
物品


物品名称　物品代号
训兽经[精确篇] 100099
疾风之令 100102
疾风之镯 100103
疾风之瓶 100104
疾风之戒 100105
再造丹 100106
残破的书卷 100109
无量水晶 100107
梦蝶坠 600000
※惠子手书 600001
※王屋之石 600003
※草缕鞋 600002
南方3级房屋图 5000
中式3级房屋图 5001
西式3级房屋图 5002
阿拉伯3级房屋图 5003
※购物单 350101
※勇气宝甲 350102
※购药方子 350103
※松纹残剑 350104
※松纹金钢剑 350105
※取木柄介绍信 350106
※取货凭证 350107
※物证 350108
※贵重项链 350109
天灵丹 20001
地灵丹 20002
医生邀请函 20000
※地仙双飞药 100108
※夜叉双飞药 100110
※天仙双飞药 100111
※阿修罗双飞药 100112
※金系双飞药 100113
※木系双飞药 100114
※水系双飞药 100115
※火系双飞药 100116
※土系双飞药 100117
※盛露瓶 350004
※水行令2 350003
※本命玉牌 350002
※水行令1 350001
技能密笈 600010
※天柱 600011
※磁铁 600012
※神铁 600013
※获胜令牌 711001
※入场令牌 711000
真爱的承诺 6000
※水行令4 350008
※水行令3 350007
※神奇花粉 350006
※清水瓶 350005
※蓝幽草 350009
※水行令5 350010
※冰泪坠 350011
※水行令6 350012
※神龟令 350013
※水行令7 350014
※考验之牌A 350015
※考验之牌B 350016
※水行令8 350017
※调查委托书 350018
※鳄鱼骨头 350019
※长者项链 350020
※水行令9 350021
※精灵之链 350022
※神圣之羽 350023
※水行令10 350024
※委托书 350025
※青灵之水 350026
※平安信 350027
※水行令11 350028
彩云衣 350029
※水行令12 350030
※身份牌 350031
※特赦书 350032
※水行令13 350033
※委托书 350034
特制毒药 350035
加强飞镖 350036
超强毒药 350037
※水行令14 350038
※委托书 350039
※过路条 350040
※水行令15 350041
※介绍信 350042
※水长老的认证 350043
※水行令16 350044
※给朋友的信 350045
※温玉 350046
※水行令17 350047
※母亲的委托 350048
※孩子的悔过书 350049
※水行令18 350050
※水之链 350051
※答案A 350052
※答案B 350053
※答案C 350054
※水行令19 350055
※避水珠 350056
※水行令20 350057
※给朋友的信 350058
※活络油 350059
※水行令21 350060
※水行令22 350061
※考验推荐信 350062
※验证之石 350063
※水行令23 350064
※名帖 350065
※居住权证 350066
※水行令24 350067
兽玉 350068
幻兽之灵 350069
※霸王令 350070
※奇云令 350071
※碧水令 350072
※族长令 350073
※名帖 350074
※聚水珠 350075
※皇城通行令 350076
※老父家书 350077
※儿子家书 350078
※翡翠白玉汤 350079
灵心小区 100118
金沙小区 100119
紫水晶 100096
蓝水晶 100095
优质玛瑙 700010
※投诚信 600058
金羽毛 600006
通玄丹 100097
鲁公秘录 100098
子母环 700001
梅花钩 700002
龙纹扇 700003
青玉腿甲 700004
PK赛季军礼包 5000102
飞行石 1700
玛瑙 700011
云锦天衣 700005
高丽犀灵丹 600090
清灵玉佩 600091
摄魂玉佩 600092
优质琥珀 700018
琥珀 700019
优质翡翠 700020
翡翠 700021
※金系委托书 600050
黯神灵戒 600093
绛云靴 600094
※木系委托书 600051
蟠桃月饼 30006
梦之链 30008
飞龙月饼 30009
大元金丹 700024
PK赛冠军礼包 5000100
兰羽 700051
村长委托书 700050
※土系委托书 600054
※给火凤凰的信 600055
※讨贼令牌 600056
PK赛亚军礼包 5000101
※赤金剑 600059
※元元真人的信 600061
※乌木杖 600062
※五行炉 600063
※奔雷狒的信 600064
※给张三的信 600065
※给飘雾的信 600066
※旭日水晶 600067
※碧水杵 600070
※给朱馨儿的信 600071
※雪莲丹 600072
※凝香丸 600073
雪莲 600074
※天狼书函 600068
※快手老王的信 600076
水晶球 600077
天使之翼 600078
※武侯兵法 600079
※绛火锤 600075
※青龙使的书函 600080
※给木乃伊的信 600081
※经书 600082
※青龙使装备 600083
※黯土戟 600084
※给玄寒的信 600085
冥灵丹 700052
紫微真人推荐信 700053
紫微真人回复信 700054
炫光甲 700055
保证书 700056
新年礼包 700057
GM贺岁礼包 700064
祝福之星 700065
鸡翔如意礼包 5001000
※灯谜答案 700063
精制元宵 700062
涵翠委托书 700058
刘将军的令牌 700059
皇宫通行令牌 700060
元宵 700061
圣诞大礼包 5000001
圣诞小礼包 5000000
※彩虹种子 500031
兄弟天关78关令 700032
※胭脂种子 500032
小虫宠物礼包 5000104
单人天关70关令 700031
夫妻天关16关令 700030
游龙欢腾守岁包 5000106
旺财开运贺岁包 5000105
※琥珀种子 500033
※水色种子 500034
※青色种子 500035
※彩虹雨 500036
※胭脂泪 500037
※琥珀珠 500038
※沧海蓝 500039
※碧空青 500040
一束玫瑰 500041
100朵玫瑰 500042
999朵玫瑰 500043
※蓝宝石 500045
※红宝石 500046
※钻石 500047
※戒指 500048
※戒指 500049
※吉祥礼包 5000188
※如意礼包 5000189
※幸福礼包 5000190
大内天蚕金丝甲 100120
大内天蚕衣 100121
玄纬蛛礼包 5000176
地纹蛛礼包 5000175
风经蛛礼包 5000174
布尼熊礼包 5000173
小懒熊礼包 5000172
考拉熊礼包 5000171
摇滚蛋礼包 5000170
天使蛋礼包 5000169
无敌蛋礼包 5000168
辫子熊礼包 5000167
椰子熊礼包 5000166
虫贝贝礼包 5000165
虫宝宝礼包 5000164
斑斑虎礼包 5000163
乖乖虎礼包 5000162
霹雳虎礼包 5000161
乌鱼子礼包 5000160
墨斗宝礼包 5000159
八脚仔礼包 5000158
妖磷君礼包 5000157
烈焰君礼包 5000156
魔帝礼包 5000155
法帝礼包 5000154
巫帝礼包 5000153
木乃伊礼包 5000152
跳跳鬼礼包 5000151
小霸王礼包 5000150
闪电宝宝礼包 5000149
霹雳宝宝礼包 5000148
强盗礼包 5000147
山贼礼包 5000146
寿眉礼包 5000145
智眉礼包 5000144
长眉礼包 5000143
调皮仔礼包 5000142
※橙色波波球 500002
※红色波波球 500001
※透明波波球 500000
活泼仔礼包 5000141
开心仔礼包 5000140
守护星礼包 5000139
吉祥星礼包 5000138
纳瓦霍礼包 5000137
※huang色波波球 500003
※绿色波波球 500004
※青色波波球 500005
※蓝色波波球 500006
※紫色波波球 500007
※白色波波球 500008
※黑色波波球 500009
※粉色波波球 500010
※褐色波波球 500011
※金色波波球 500012
※银色波波球 500013
※灰色波波球 500014
※蜜色波波球 500015
※麦色波波球 500016
※栗色波波球 500017
※铜色波波球 500018
※米色波波球 500019
※青龙石 500020
※幻晶石 500021
※阿弟达石 500022
※凌波石 500023
※至尊石 500024
※阿努比石 500025
※火精石 500026
※凤凰石 500027
※妖姬石 500028
※敖雪石 500029
※龙鳞 500030
黄金旺狗来福包 5000191
至尊旺狗来福包 5000192
神行蛋 500060
五行魔凌环甲 460358
泡泡豚礼包 5000180
苦苦豚礼包 5000181
闪灵礼包 5000182
精灵礼包 5000183
幽灵礼包 5000184
灵狐礼包 5000185
云狐礼包 5000186
月狐礼包 5000187
炽焰蛋 500061
升仙蛋 500062
回天蛋 500063
定气蛋 500064
镏金蛋 500065
富贵蛋 500066
遁水蛋 500067
感恩蛋 500068
练功蛋 500069
荣誉蛋 500070
迷影蛋 500071
神行彩蛋 500072
炽焰彩蛋 500073
升仙彩蛋 500074
回天彩蛋 500075
定气彩蛋 500076
镏金彩蛋 500077
富贵彩蛋 500078
遁水彩蛋 500079
感恩彩蛋 500080
练功彩蛋 500081
荣誉彩蛋 500082
迷影彩蛋 500083
坚韧蛋链 500084
强击蛋链 500085
瞬影蛋链 500086
五行破岩杖 460355
五行破云扇 460354
五行破雾环 460353
五行破金锤 460352
五行破石刀 460351
五行破尘剑 460350
冥兽丹 4603520
万魔土冥袋 4603519
万魔火冥袋 4603515
万魔水冥袋 4603511
万魔木冥袋 4603507
万魔金冥袋 4603503
2级中式礼包 5000193
3级中式礼包 5000194
中式南方礼包 5000195
2级中式南方礼包 5000196
3级中式南方礼包 5000197
西式礼包 5000198
2级西式礼包 5000199
3级西式礼包 5000200
阿式礼包 5000201
2级阿式礼包 5000202
3级阿式礼包 5000203
五行魔陉阑靴 460359
五行祛魔戒 460360
五行洛羽珠 460361
月光宝盒 1832
天工九转佩 577
九转天心丹 1831
九转混元丹 1833
九转元阳丹 1834
九转蕴灵丹 1835
九转万灵丹 1836
九转培灵丹 1837
九转青灵丹 1838
妖精粉 5000206
蒙蒙礼包 5000207
淘淘礼包 5000208
鲁鲁礼包 5000209
嘟嘟鸟礼包 5000210
努努鸟礼包 5000211
露露鸟礼包 5000212
丸子鱼礼包 5000213
小精卫礼包 5000214
阿弟达斯礼包 5000215
红发妖姬礼包 5000216
至尊宝礼包 5000217
赤龙礼包 5000218
火妖精礼包 5000219
幻云兽礼包 5000220
小金龙礼包 5000221
圣诞礼物包 500090
隐土宝石 80017
天火宝石 80016
神水宝石 80015
巨木宝石 80014
耀金宝石 80013
鹿铃 500091
圣诞糖果 500092
松枝 500093
圣诞卡片一 500094
圣诞卡片二 500095
圣诞卡片三 500096
空的圣诞袜 500097
鼓鼓的圣诞袜 500098
圣诞树种子 500099
给乌玛的信 500100
松枝开采证明 500101
海枯石烂（男） 4300
轰轰烈烈（男） 4301
相濡以沫（男） 4302
一见钟情（男） 4303
两情相悦（男） 4304
※合成令牌 4305
※情比金坚令牌 4306
海枯石烂（女） 4307
轰轰烈烈（女） 4308
相濡以沫（女） 4309
一见钟情（女） 4310
两情相悦（女） 4311
※真爱花种 4312
比特牌猪古力 4313
月老的小秘密 4314
比特牌芝麻糊 4315
鱼丸 4316
汤圆 4317
女儿红 4318
小纸条 4319
小纸签 4320
※1朵真爱之花 4331
※1朵真爱之花 4332
※1朵真爱之花 4333
※1朵真爱之花 4351
※1朵真爱之花 4352
※1朵真爱之花 4353
※3朵真爱之花 4334
※3朵真爱之花 4335
※3朵真爱之花 4354
※3朵真爱之花 4355
※3朵真爱之花 4356
※9朵真爱之花 4336
※9朵真爱之花 4337
※9朵真爱之花 4338
※9朵真爱之花 4339
※9朵真爱之花 4357
※9朵真爱之花 4358
※9朵真爱之花 4359
※99朵真爱之花 4340
※99朵真爱之花 4341
※99朵真爱之花 4342
※99朵真爱之花 4360
※99朵真爱之花 4361
※99朵真爱之花 4362
※999朵真爱之花 4344
※999朵真爱之花 4345
※999朵真爱之花 4346
※999朵真爱之花 4347
※999朵真爱之花 4363
※999朵真爱之花 4364
※999朵真爱之花 4365
※999朵真爱之花 4366
※999朵真爱之花 4367
※999朵真爱之花 4343
9999朵真爱之花 4349
9999朵真爱之花 4369
※9999真爱之花 4348
※9999真爱之花 4368
※真爱花种 4330
※真爱花种 4350
巧克力馅饼 4371
月老的祝福 4372
※一页曲谱 100122
※一页曲谱 100123
※一页曲谱 100124
※一页曲谱 100125
※九音真经[上] 100126
※九音真经[下] 100127
※九音真经 100128
秘制烟火 100129
秘制烟火 100130
捞月计划动员令 2718600
月饼 2718601
椒盐乌龟壳 2718602
酒心巧克力 2718603
过期的果仁 2718604
螃蟹的大钳 2718605
酒酿汤圆 2718606
乾坤法师吉祥包 5000222
阿弟百宝风云包 5000223
至尊琳琳欢庆包 5000224
幻云耀金迎祥包 5000225
青云直上游龙包 5000226
水晶神水如意包 5000227
地火龙魂赐福包 5000228
天火比特祥瑞包 5000229
泡泡福气包 5000230
喜气豚豚包 5000231
灵狐化升包 5000232
皓月飞狐包 5000233
云狐掠影包 5000234
闪灵翔龙包 5000235
精元圣灵包 5000236
幽影元灵包 5000237
吉祥烟云包 5000238
花火守护包 5000239
开心烟火包 5000240
活泼烟花包 5000241
调皮焰火包 5000242
无敌花火包 5000243
天使烟花包 5000244
烟花摇滚包 5000245
马天尼鸡尾酒 700100
圣灵酥 700101
蓝月亮配方 700102
新加坡司令配方 700103
梦幻勒曼湖 700104
金酒 700105
柠檬汁 700106
砂糖 700107
樱桃白兰地 700108
苏打水 700109
蓝香橙 700110
雪碧 700111
清酒 700112
汤力水 700113
蓝色柑香酒 700114
白色柑香酒 700115
新加坡司令 700116
蓝月亮 700117
梦幻勒曼湖配方 700118
龙魂宝书（一） 700119
龙魂宝书（二） 700120
龙魂宝书（三） 700121
龙魂宝书（四） 700122
龙魂宝书（五） 700123
龙魂宝书（六） 700124
龙魂宝书（七） 700125
龙魂宝书（八） 700126
※小红花 550000
※小红花 550001
※小红花 550002
※小红花 550003
※小红花 550004
※小红花 550005
※小红花 550006
※小红花 550007
※小红花 550008
※小红花 550009
※小红花 550010
※小红花 550011
※小红花 550012
※小红花 550013
※小红花 550014
※小红花 550016
※大红花 550017
※糖果 550018
※圣诞大礼包 550019
※冰玉丹 550041
※冰心草 550042
※回神丹 550043
※闯关令牌 550015
※透明波波球 550020
※红色波波球 550021
※橙色波波球 550022
※huang色波波球 550023
※绿色波波球 550024
※青色波波球 550025
※蓝色波波球 550026
※紫色波波球 550027
※白色波波球 550028
※黑色波波球 550029
※粉色波波球 550030
※褐色波波球 550031
※金色波波球 550032
※银色波波球 550033
※灰色波波球 550034
※蜜色波波球 550035
※麦色波波球 550036
※栗色波波球 550037
※铜色波波球 550038
※米色波波球 550039
※鬼灵精萃 550040
※英雄徽章A 710001
※英雄徽章B 710002
※英雄徽章C 710003
※英雄徽章D 710004
※英雄徽章E 710005
※胜利签A 710103
※胜利签B 710104
※胜利签C 710105
※胜利签D 710106
※胜利签E 710107
※胜利签F 710108
※胜利签G 710109
※比武令 710110
※暖鸡蛋 710100
※珍珠 710101
※人鱼眼泪 710102 
 
